  -1.2735982e+02   1.3110237e+01
  -1.2698616e+02   1.5311115e+01
  -1.2594721e+02   1.7809260e+01
  -1.2467964e+02   2.0240451e+01
  -1.2353956e+02   2.2002747e+01
  -1.2165939e+02   2.3833314e+01
  -1.1902152e+02   2.5402095e+01
  -1.1738895e+02   2.6635621e+01
  -1.1500743e+02   2.8458357e+01
  -1.1271956e+02   2.9911503e+01
  -1.1053981e+02   3.1597945e+01
  -1.0828442e+02   3.3277893e+01
  -1.0535451e+02   3.4746285e+01
  -1.0357950e+02   3.6733758e+01
  -1.0011548e+02   3.8612888e+01
  -9.7276963e+01   4.0718245e+01
  -9.4043805e+01   4.2376135e+01
  -9.0606919e+01   4.4225038e+01
  -8.7485378e+01   4.5838144e+01
  -8.4277980e+01   4.8171639e+01
  -7.9851364e+01   4.9951204e+01
  -7.5886532e+01   5.1500390e+01
  -7.2408047e+01   5.2171513e+01
  -6.9097701e+01   5.3906288e+01
  -6.5867971e+01   5.4472899e+01
  -6.2427135e+01   5.5872444e+01
  -6.0459398e+01   5.6510627e+01
